country,year,biofuel,coal,fossil,gas,hydro,low_carbon,nuclear,oil,solar,wind
Afghanistan,1965,0,0,0,0,0,0,0,0,0,0
Afghanistan,1966,0,0,0,0,0,0,0,0,0,0
Afghanistan,1967,0,0,0,0,0,0,0,0,0,0
Afghanistan,1968,0,0,0,0,0,0,0,0,0,0
Afghanistan,1969,0,0,0,0,0,0,0,0,0,0
Afghanistan,1970,0,0,0,0,0,0,0,0,0,0
Afghanistan,1971,0,0,0,0,0,0,0,0,0,0
Afghanistan,1972,0,0,0,0,0,0,0,0,0,0
Afghanistan,1973,0,0,0,0,0,0,0,0,0,0
Afghanistan,1974,0,0,0,0,0,0,0,0,0,0
Afghanistan,1975,0,0,0,0,0,0,0,0,0,0
Afghanistan,1976,0,0,0,0,0,0,0,0,0,0
Afghanistan,1977,0,0,0,0,0,0,0,0,0,0
Afghanistan,1978,0,0,0,0,0,0,0,0,0,0
Afghanistan,1979,0,0,0,0,0,0,0,0,0,0
Afghanistan,1980,0,0,0,0,0,0,0,0,0,0
Afghanistan,1981,0,0,0,0,0,0,0,0,0,0
Afghanistan,1982,0,0,0,0,0,0,0,0,0,0
Afghanistan,1983,0,0,0,0,0,0,0,0,0,0
Afghanistan,1984,0,0,0,0,0,0,0,0,0,0
Afghanistan,1985,0,0,0,0,0,0,0,0,0,0
Afghanistan,1986,0,0,0,0,0,0,0,0,0,0
Afghanistan,1987,0,0,0,0,0,0,0,0,0,0
Afghanistan,1988,0,0,0,0,0,0,0,0,0,0
Afghanistan,1989,0,0,0,0,0,0,0,0,0,0
Afghanistan,1990,0,0,0,0,0,0,0,0,0,0
Afghanistan,1991,0,0,0,0,0,0,0,0,0,0
Afghanistan,1992,0,0,0,0,0,0,0,0,0,0
Afghanistan,1993,0,0,0,0,0,0,0,0,0,0
Afghanistan,1994,0,0,0,0,0,0,0,0,0,0
Afghanistan,1995,0,0,0,0,0,0,0,0,0,0
Afghanistan,1996,0,0,0,0,0,0,0,0,0,0
Afghanistan,1997,0,0,0,0,0,0,0,0,0,0
Afghanistan,1998,0,0,0,0,0,0,0,0,0,0
Afghanistan,1999,0,0,0,0,0,0,0,0,0,0
Afghanistan,2000,0,0,0,0,0,0,0,0,0,0
Afghanistan,2001,0,0,0,0,0,0,0,0,0,0
Afghanistan,2002,0,0,0,0,0,0,0,0,0,0
Afghanistan,2003,0,0,0,0,0,0,0,0,0,0
Afghanistan,2004,0,0,0,0,0,0,0,0,0,0
Afghanistan,2005,0,0,0,0,0,0,0,0,0,0
Afghanistan,2006,0,0,0,0,0,0,0,0,0,0
Afghanistan,2007,0,0,0,0,0,0,0,0,0,0
Afghanistan,2008,0,0,0,0,0,0,0,0,0,0
Afghanistan,2009,0,0,0,0,0,0,0,0,0,0
Afghanistan,2010,0,0,0,0,0,0,0,0,0,0
Afghanistan,2011,0,0,0,0,0,0,0,0,0,0
Afghanistan,2012,0,0,0,0,0,0,0,0,0,0
Afghanistan,2013,0,0,0,0,0,0,0,0,0,0
Afghanistan,2014,0,0,0,0,0,0,0,0,0,0
Afghanistan,2015,0,0,0,0,0,0,0,0,0,0
Afghanistan,2016,0,0,0,0,0,0,0,0,0,0
Afghanistan,2017,0,0,0,0,0,0,0,0,0,0
Afghanistan,2018,0,0,0,0,0,0,0,0,0,0
Afghanistan,2019,0,0,0,0,0,0,0,0,0,0
Albania,1965,0,0,0,0,0,0,0,0,0,0
Albania,1966,0,0,0,0,0,0,0,0,0,0
Albania,1967,0,0,0,0,0,0,0,0,0,0
Albania,1968,0,0,0,0,0,0,0,0,0,0
Albania,1969,0,0,0,0,0,0,0,0,0,0
Albania,1970,0,0,0,0,0,0,0,0,0,0
Albania,1971,0,0,0,0,0,0,0,0,0,0
Albania,1972,0,0,0,0,0,0,0,0,0,0
Albania,1973,0,0,0,0,0,0,0,0,0,0
Albania,1974,0,0,0,0,0,0,0,0,0,0
Albania,1975,0,0,0,0,0,0,0,0,0,0
Albania,1976,0,0,0,0,0,0,0,0,0,0
Albania,1977,0,0,0,0,0,0,0,0,0,0
Albania,1978,0,0,0,0,0,0,0,0,0,0
Albania,1979,0,0,0,0,0,0,0,0,0,0
Albania,1980,0,0,0,0,0,0,0,0,0,0
Albania,1981,0,0,0,0,0,0,0,0,0,0
Albania,1982,0,0,0,0,0,0,0,0,0,0
Albania,1983,0,0,0,0,0,0,0,0,0,0
Albania,1984,0,0,0,0,0,0,0,0,0,0
Albania,1985,0,0,0,0,0,0,0,0,0,0
Albania,1986,0,0,0,0,0,0,0,0,0,0
Albania,1987,0,0,0,0,0,0,0,0,0,0
Albania,1988,0,0,0,0,0,0,0,0,0,0
Albania,1989,0,0,0,0,0,0,0,0,0,0
Albania,1990,0,0,0,0,0,0,0,0,0,0
Albania,1991,0,0,0,0,0,0,0,0,0,0
Albania,1992,0,0,0,0,0,0,0,0,0,0
Albania,1993,0,0,0,0,0,0,0,0,0,0
Albania,1994,0,0,0,0,0,0,0,0,0,0
Albania,1995,0,0,0,0,0,0,0,0,0,0
Albania,1996,0,0,0,0,0,0,0,0,0,0
Albania,1997,0,0,0,0,0,0,0,0,0,0
Albania,1998,0,0,0,0,0,0,0,0,0,0
Albania,1999,0,0,0,0,0,0,0,0,0,0
Albania,2000,0,0,0,0,0,0,0,0,0,0
Albania,2001,0,0,0,0,0,0,0,0,0,0
Albania,2002,0,0,0,0,0,0,0,0,0,0
Albania,2003,0,0,0,0,0,0,0,0,0,0
Albania,2004,0,0,0,0,0,0,0,0,0,0
Albania,2005,0,0,0,0,0,0,0,0,0,0
Albania,2006,0,0,0,0,0,0,0,0,0,0
Albania,2007,0,0,0,0,0,0,0,0,0,0
Albania,2008,0,0,0,0,0,0,0,0,0,0
Albania,2009,0,0,0,0,0,0,0,0,0,0
Albania,2010,0,0,0,0,0,0,0,0,0,0
Albania,2011,0,0,0,0,0,0,0,0,0,0
Albania,2012,0,0,0,0,0,0,0,0,0,0
Albania,2013,0,0,0,0,0,0,0,0,0,0
Albania,2014,0,0,0,0,0,0,0,0,0,0
Albania,2015,0,0,0,0,0,0,0,0,0,0
Albania,2016,0,0,0,0,0,0,0,0,0,0
Albania,2017,0,0,0,0,0,0,0,0,0,0
Albania,2018,0,0,0,0,0,0,0,0,0,0
Albania,2019,0,0,0,0,0,0,0,0,0,0
Algeria,1965,0,0.814,23.65,7.431,1.111,1.111,0,15.405,0,0
Algeria,1966,0,0.791,28.783,7.719,0.986,0.986,0,20.273,0,0
Algeria,1967,0,0.605,27.035,7.488,1.139,1.139,0,18.942,0,0
Algeria,1968,0,0.64,28.68,7.873,1.564,1.564,0,20.167,0,0
Algeria,1969,0,0.814,32.472,10.352,1.003,1.003,0,21.306,0,0
Algeria,1970,0,0.965,35.044,9.731,1.611,1.611,0,24.348,0,0
Algeria,1971,0,0.267,38.757,11.05,0.917,0.917,0,27.44,0,0
Algeria,1972,0,0.233,43.184,12.83,1.375,1.375,0,30.121,0,0
Algeria,1973,0,0.267,51.027,17.859,2.089,2.089,0,32.9,0,0
Algeria,1974,0,0.221,57.439,20.675,1.381,1.381,0,36.544,0,0
Algeria,1975,0,0.279,69.4,28.49,0.911,0.911,0,40.631,0,0
Algeria,1976,0,0.547,80.952,33.688,1.081,1.081,0,46.718,0,0
Algeria,1977,0,0.709,89.417,35.901,0.747,0.747,0,52.807,0,0
Algeria,1978,0,0.361,112.622,57.654,0.694,0.694,0,54.608,0,0
Algeria,1979,0,0.837,147.68,81.524,0.808,0.808,0,65.319,0,0
Algeria,1980,0,0.744,176.383,109.436,0.714,0.714,0,66.202,0,0
Algeria,1981,0,0.523,214.104,142.258,1.017,1.017,0,71.323,0,0
Algeria,1982,0,9.711,246.696,161.411,1.331,1.331,0,75.573,0,0
Algeria,1983,0,8.664,270.272,176.715,0.653,0.653,0,84.892,0,0
Algeria,1984,0,9.606,258.86,155.251,1.256,1.256,0,94.002,0,0
Algeria,1985,0,10.025,260.387,153.808,1.794,1.794,0,96.554,0,0
Algeria,1986,0,10.293,276.752,168.438,0.694,0.694,0,98.021,0,0
Algeria,1987,0,12.305,283.693,172.288,1.386,1.386,0,99.101,0,0
