country,year,biofuel,coal,fossil,gas,hydro,low_carbon,nuclear,oil,solar,wind
Afghanistan,1965,0,0,0,0,0,0,0,0,0,0
Afghanistan,1966,0,0,0,0,0,0,0,0,0,0
Afghanistan,1967,0,0,0,0,0,0,0,0,0,0
Afghanistan,1968,0,0,0,0,0,0,0,0,0,0
Afghanistan,1969,0,0,0,0,0,0,0,0,0,0
Afghanistan,1970,0,0,0,0,0,0,0,0,0,0
Afghanistan,1971,0,0,0,0,0,0,0,0,0,0
Afghanistan,1972,0,0,0,0,0,0,0,0,0,0
Afghanistan,1973,0,0,0,0,0,0,0,0,0,0
Afghanistan,1974,0,0,0,0,0,0,0,0,0,0
Afghanistan,1975,0,0,0,0,0,0,0,0,0,0
Afghanistan,1976,0,0,0,0,0,0,0,0,0,0
Afghanistan,1977,0,0,0,0,0,0,0,0,0,0
Afghanistan,1978,0,0,0,0,0,0,0,0,0,0
Afghanistan,1979,0,0,0,0,0,0,0,0,0,0
Afghanistan,1980,0,0,0,0,0,0,0,0,0,0
Afghanistan,1981,0,0,0,0,0,0,0,0,0,0
Afghanistan,1982,0,0,0,0,0,0,0,0,0,0
Afghanistan,1983,0,0,0,0,0,0,0,0,0,0
Afghanistan,1984,0,0,0,0,0,0,0,0,0,0
Afghanistan,1985,0,0,0,0,0,0,0,0,0,0
Afghanistan,1986,0,0,0,0,0,0,0,0,0,0
Afghanistan,1987,0,0,0,0,0,0,0,0,0,0
Afghanistan,1988,0,0,0,0,0,0,0,0,0,0
Afghanistan,1989,0,0,0,0,0,0,0,0,0,0
Afghanistan,1990,0,0,0,0,0,0,0,0,0,0
Afghanistan,1991,0,0,0,0,0,0,0,0,0,0
Afghanistan,1992,0,0,0,0,0,0,0,0,0,0
Afghanistan,1993,0,0,0,0,0,0,0,0,0,0
Afghanistan,1994,0,0,0,0,0,0,0,0,0,0
Afghanistan,1995,0,0,0,0,0,0,0,0,0,0
Afghanistan,1996,0,0,0,0,0,0,0,0,0,0
Afghanistan,1997,0,0,0,0,0,0,0,0,0,0
Afghanistan,1998,0,0,0,0,0,0,0,0,0,0
Afghanistan,1999,0,0,0,0,0,0,0,0,0,0
Afghanistan,2000,0,0,0.155,0.155,0.312,0.312,0,0,0,0
Afghanistan,2001,0,0,0.094,0.094,0.498,0.498,0,0,0,0
Afghanistan,2002,0,0,0.132,0.132,0.555,0.555,0,0,0,0
Afghanistan,2003,0,0,0.309,0.309,0.63,0.63,0,0,0,0
Afghanistan,2004,0,0,0.329,0.329,0.565,0.565,0,0,0,0
Afghanistan,2005,0,0,0.344,0.344,0.59,0.59,0,0,0,0
Afghanistan,2006,0,0,0.2,0.2,0.637,0.637,0,0,0,0
Afghanistan,2007,0,0,0.198,0.198,0.748,0.748,0,0,0,0
Afghanistan,2008,0,0,0.186,0.186,0.542,0.542,0,0,0,0
Afghanistan,2009,0,0,0.162,0.162,0.776,0.776,0,0,0,0
Afghanistan,2010,0,0,0.185,0.185,0.751,0.751,0,0,0,0
Afghanistan,2011,0,0,0.252,0.252,0.595,0.595,0,0,0,0
Afghanistan,2012,0,0,0.174,0.174,0.71,0.738,0,0,0.028,0
Afghanistan,2013,0,0,0.218,0.218,0.855,0.885,0,0,0.03,0
Afghanistan,2014,0,0,0.154,0.154,0.968,1,0,0,0.032,0
Afghanistan,2015,0,0,0.144,0.144,1.001,1.034,0,0,0.033,0
Afghanistan,2016,0,0,0.15,0.15,1.025,1.06,0,0,0.035,0
Afghanistan,2017,0,0,0.168,0.168,1.05,1.088,0,0,0.038,0
Afghanistan,2018,0,0,0.15,0.15,0.928,0.965,0,0,0.037,0
Afghanistan,2019,0,0,0.152,0.152,0.84,0.88,0,0,0.04,0
Albania,1965,0,0,0,0,0,0,0,0,0,0
Albania,1966,0,0,0,0,0,0,0,0,0,0
Albania,1967,0,0,0,0,0,0,0,0,0,0
Albania,1968,0,0,0,0,0,0,0,0,0,0
Albania,1969,0,0,0,0,0,0,0,0,0,0
Albania,1970,0,0,0,0,0,0,0,0,0,0
Albania,1971,0,0,0,0,0,0,0,0,0,0
Albania,1972,0,0,0,0,0,0,0,0,0,0
Albania,1973,0,0,0,0,0,0,0,0,0,0
Albania,1974,0,0,0,0,0,0,0,0,0,0
Albania,1975,0,0,0,0,0,0,0,0,0,0
Albania,1976,0,0,0,0,0,0,0,0,0,0
Albania,1977,0,0,0,0,0,0,0,0,0,0
Albania,1978,0,0,0,0,0,0,0,0,0,0
Albania,1979,0,0,0,0,0,0,0,0,0,0
Albania,1980,0,0,0,0,0,0,0,0,0,0
Albania,1981,0,0,0,0,0,0,0,0,0,0
Albania,1982,0,0,0,0,0,0,0,0,0,0
Albania,1983,0,0,0,0,0,0,0,0,0,0
Albania,1984,0,0,0,0,0,0,0,0,0,0
Albania,1985,0,0,0,0,0,0,0,0,0,0
Albania,1986,0,0,0,0,0,0,0,0,0,0
Albania,1987,0,0,0,0,0,0,0,0,0,0
Albania,1988,0,0,0,0,0,0,0,0,0,0
Albania,1989,0,0,0,0,0,0,0,0,0,0
Albania,1990,0,0,0,0,0,0,0,0,0,0
Albania,1991,0,0,0,0,0,0,0,0,0,0
Albania,1992,0,0,0,0,0,0,0,0,0,0
Albania,1993,0,0,0,0,0,0,0,0,0,0
Albania,1994,0,0,0,0,0,0,0,0,0,0
Albania,1995,0,0,0,0,0,0,0,0,0,0
Albania,1996,0,0,0,0,0,0,0,0,0,0
Albania,1997,0,0,0,0,0,0,0,0,0,0
Albania,1998,0,0,0,0,0,0,0,0,0,0
Albania,1999,0,0,0,0,0,0,0,0,0,0
Albania,2000,0,0,0.135,0,4.548,4.548,0,0.135,0,0
Albania,2001,0,0,0.129,0,3.519,3.519,0,0.129,0,0
Albania,2002,0,0,0.164,0,3.477,3.477,0,0.164,0,0
Albania,2003,0,0,0.101,0,5.117,5.117,0,0.101,0,0
Albania,2004,0,0,0.132,0,5.411,5.411,0,0.132,0,0
Albania,2005,0,0,0.066,0,5.319,5.319,0,0.066,0,0
Albania,2006,0,0,0.087,0,4.951,4.951,0,0.087,0,0
Albania,2007,0,0,0.068,0,2.76,2.76,0,0.068,0,0
Albania,2008,0,0,0,0,3.759,3.759,0,0,0,0
Albania,2009,0,0,0,0,5.201,5.201,0,0,0,0
Albania,2010,0,0,0.001,0,7.491,7.492,0,0.001,0,0
Albania,2011,0,0,0.055,0,4.091,4.091,0,0.055,0.001,0
Albania,2012,0,0,0,0,4.678,4.679,0,0,0.001,0
Albania,2013,0,0,0,0,6.889,6.89,0,0,0.001,0
Albania,2014,0,0,0,0,4.677,4.678,0,0,0.001,0
Albania,2015,0,0,0,0,5.836,5.837,0,0,0.001,0
Albania,2016,0,0,0,0,7.704,7.706,0,0,0.002,0
Albania,2017,0,0,0,0,4.48,4.481,0,0,0.001,0
Albania,2018,0,0,0,0,8.466,8.467,0,0,0.001,0
Albania,2019,0,0,0,0,5.154,5.176,0,0,0.022,0
Algeria,1965,0,0,0,0,0,0,0,0,0,0
Algeria,1966,0,0,0,0,0,0,0,0,0,0
Algeria,1967,0,0,0,0,0,0,0,0,0,0
Algeria,1968,0,0,0,0,0,0,0,0,0,0
Algeria,1969,0,0,0,0,0,0,0,0,0,0
Algeria,1970,0,0,0,0,0,0,0,0,0,0
Algeria,1971,0,0,0,0,0,0,0,0,0,0
Algeria,1972,0,0,0,0,0,0,0,0,0,0
Algeria,1973,0,0,0,0,0,0,0,0,0,0
Algeria,1974,0,0,0,0,0,0,0,0,0,0
Algeria,1975,0,0,0,0,0,0,0,0,0,0
Algeria,1976,0,0,0,0,0,0,0,0,0,0
Algeria,1977,0,0,0,0,0,0,0,0,0,0
Algeria,1978,0,0,0,0,0,0,0,0,0,0
Algeria,1979,0,0,0,0,0,0,0,0,0,0
Algeria,1980,0,0,0,0,0,0,0,0,0,0
Algeria,1981,0,0,0,0,0,0,0,0,0,0
Algeria,1982,0,0,0,0,0,0,0,0,0,0
Algeria,1983,0,0,0,0,0,0,0,0,0,0
Algeria,1984,0,0,0,0,0,0,0,0,0,0
Algeria,1985,0,0,0,0,0.646,0.646,0,0,0,0
Algeria,1986,0,0,0,0,0.25,0.25,0,0,0,0
Algeria,1987,0,0,0,0,0.499,0.499,0,0,0,0
